60 Savannah 32.0835407 -81.0998342 
62 Florence 34.1954331 -79.7625625 
65 Richmond 37.9357576 -122.3477486 
66 Washington 38.9071923 -77.0368707 
67 Baltimore 39.2903848 -76.6121893 
68 Philadelphia 39.9525839 -75.1652215 
69 Newark 37.5296593 -122.0402399 
154 Schenectady 42.8142432 -73.9395687 
24 Minneapolis 44.977753 -93.2650108 
25 Duluth 46.7866719 -92.1004852 
26 Galveston 29.3013479 -94.7976958 
27 Houston 29.7604267 -95.3698028 
20 Oklahoma_City 35.4675602 -97.5164276 
21 Kansas_City 39.114053 -94.6274636 
22 Des_Moines 41.6005448 -93.6091064 
160 Boston 42.3600825 -71.0588801 
29 Hammond 41.5833688 -87.5000412 
105 Harrisburg 40.2731911 -76.8867008 
0 San_Diego 32.715738 -117.1610838 
2 Sacramento 38.5815719 -121.4943996 
162 Hartford 41.7637111 -72.6850932 
4 Portland 43.661471 -70.2553259 
6 Ontario 34.0633443 -117.6508876 
119 Bedford 32.844017 -97.1430671 
99 Charleston 38.3498195 -81.6326234 
123 Davenport 41.5236437 -90.5776367 
125 Strongsville 41.3144966 -81.83569 
126 Cleveland 35.1595182 -84.8766115 
127 Akron 41.0814447 -81.5190053 
91 Winston-Salem 36.0998596 -80.244216 
15 Cheyenne 41.1399814 -104.8202462 
93 Spartanburg 34.9495672 -81.9320482 
92 Greensboro 36.0726354 -79.7919754 
94 Charlotte 35.2270869 -80.8431267 
97 Joplin 37.0842271 -94.513281 
14 Denver 39.7392358 -104.990251 
13 Albuquerque 35.0853336 -106.6055534 
12 Las_Cruces 32.3199396 -106.7636538 
59 Jacksonville 34.7540524 -77.4302414 
58 Daytona_Beach 29.2108147 -81.0228331 
17 Laredo 27.5305671 -99.4803241 
16 Buffalo 42.8864468 -78.8783689 
19 Dallas 32.7766642 -96.7969879 
54 Dayton 39.7589478 -84.1916069 
57 Flint 43.0125274 -83.6874562 
56 Detroit 42.331427 -83.0457538 
51 Knoxville 35.9606384 -83.9207392 
50 Chattanooga 35.0456297 -85.3096801 
53 Cincinnati 39.1031182 -84.5120196 
55 Toledo 41.6639383 -83.555212 
116 Columbus 39.2014404 -85.9213796 
18 San_Antonio 29.4241219 -98.4936282 
151 Billings 45.7832856 -108.5006904 
153 Madison 34.6992579 -86.7483318 
156 Albany 44.6365107 -123.1059282 
114 Arvada 39.8027644 -105.0874842 
89 Asheville 35.5950581 -82.5514869 
111 Omaha 41.2523634 -95.9979883 
110 Syracuse 43.0481221 -76.1474244 
113 Fargo 46.8771863 -96.7898034 
112 Sioux_Falls 43.5445959 -96.7311034 
83 Flagstaff 35.1982836 -111.651302 
80 Lafayette 40.4167022 -86.8752869 
81 Baton_Rouge 30.4582829 -91.1403196 
86 Columbia 38.9517053 -92.3340724 
87 Little_Rock 34.7464809 -92.2895948 
84 Shreveport 32.5251516 -93.7501789 
85 Meridian 32.3643098 -88.703656 
117 Cambridge 42.3736158 -71.1097335 
48 Macon 32.8406946 -83.6324022 
49 Atlanta 33.7489954 -84.3879824 
46 Tampa 27.950575 -82.4571776 
44 Gary 41.5933696 -87.3464271 
45 Miami 25.7616798 -80.1917902 
43 Indianapolis 39.768403 -86.158068 
40 Birmingham 33.5206608 -86.80249 
1 Los_Angeles 34.0522342 -118.2436849 
3 San_Francisco 37.7749295 -122.4194155 
5 Seattle 47.6062095 -122.3320708 
9 Salt_Lake_City 40.7607793 -111.8910474 
118 Pittsburg 38.0279762 -121.8846806 
145 Lansing 42.732535 -84.5555347 
142 Milwaukee 43.0389025 -87.9064736 
143 Green_Bay 44.519159 -88.019826 
141 Beloit 42.5083482 -89.0317765 
148 Pocatello 42.8713032 -112.4455344 
149 Ogden 41.223 -111.9738304 
77 Casa_Grande 32.8795022 -111.7573521 
75 Reading 40.3356483 -75.9268747 
74 Weston 26.1003654 -80.3997748 
73 Canton 40.7989473 -81.378447 
72 New_Haven 41.308274 -72.9278835 
71 New_York 40.7127837 -74.0059413 
103 Middletown 41.5623209 -72.6506488 
101 Kingsport 36.548434 -82.5618186 
78 Phoenix 33.4483771 -112.0740373 
39 Montgomery 32.3668052 -86.2999689 
38 Mobile 30.6953657 -88.0398912 
121 Champaign 40.1164204 -88.2433829 
31 Memphis 35.1495343 -90.0489801 
30 Jackson 35.6145169 -88.8139469 
37 Chicago 41.8781136 -87.6297982 
36 Joliet 41.525031 -88.0817251 
35 Normal 40.5142026 -88.9906312 
34 Springfield 39.9242266 -83.8088171 
131 Erie 42.1292241 -80.085059 
109 Binghamton 42.0986867 -75.9179738 
