0 San_Diego 32.715738 -117.1610838 1 Los_Angeles 34.0522342 -118.2436849 193.0008
1 Los_Angeles 34.0522342 -118.2436849 2 Sacramento 38.5815719 -121.4943996 617.60256
3 San_Francisco 37.7749295 -122.4194155 2 Sacramento 38.5815719 -121.4943996 138.31724
2 Sacramento 38.5815719 -121.4943996 4 Portland 45.5230622 -122.6764816 932.8372
4 Portland 45.5230622 -122.6764816 5 Seattle 47.6062095 -122.3320708 278.24282
0 San_Diego 32.715738 -117.1610838 6 Ontario 34.0633443 -117.6508876 181.74242
6 Ontario 34.0633443 -117.6508876 7 Barstow 34.894336 -117.018345 127.05886
7 Barstow 34.894336 -117.018345 8 Cove_Fort 38.600529 -112.582057 644.94434
8 Cove_Fort 38.600529 -112.582057 9 Salt_Lake_City 40.7607793 -111.8910474 283.06784
9 Salt_Lake_City 40.7607793 -111.8910474 10 Tremonton 41.712081 -112.170413 117.40882
10 Tremonton 41.712081 -112.170413 11 Butte 46.001363 -112.530698 553.26896
12 Las_Cruces 32.3199396 -106.7636538 13 Albuquerque 35.0853336 -106.6055534 360.26816
13 Albuquerque 35.0853336 -106.6055534 14 Denver 39.7392358 -104.990251 722.14466
14 Denver 39.7392358 -104.990251 15 Cheyenne 41.1399814 -104.8202462 162.44234
15 Cheyenne 41.1399814 -104.8202462 16 Buffalo 44.348394 -106.699641 924.7955
17 Laredo 27.5305671 -99.4803241 18 San_Antonio 29.4241219 -98.4936282 252.50938
18 San_Antonio 29.4241219 -98.4936282 19 Dallas 32.7766642 -96.7969879 440.68516
19 Dallas 32.7766642 -96.7969879 20 Oklahoma_City 35.4675602 -97.5164276 332.92638
20 Oklahoma_City 35.4675602 -97.5164276 21 Kansas_City 39.114053 -94.6274636 569.35236
21 Kansas_City 39.114053 -94.6274636 22 Des_Moines 41.6005448 -93.6091064 312.01796
22 Des_Moines 41.6005448 -93.6091064 23 Albert_Lea 43.648186 -93.36994 239.64266
23 Albert_Lea 43.648186 -93.36994 24 Minneapolis 44.977753 -93.2650108 156.00898
24 Minneapolis 44.977753 -93.2650108 25 Duluth 46.7866719 -92.1004852 244.46768
26 Galveston 29.3013479 -94.7976958 27 Houston 29.7604267 -95.3698028 73.98364
27 Houston 29.7604267 -95.3698028 19 Dallas 32.7766642 -96.7969879 384.39326
28 LaPlace 30.06638 -90.480736 29 Hammond 30.504311 -90.461993 56.2919
29 Hammond 30.504311 -90.461993 30 Jackson 32.298992 -90.184770 213.90922
30 Jackson 32.298992 -90.184770 31 Memphis 35.1495343 -90.0489801 337.7514
31 Memphis 35.1495343 -90.0489801 32 Miner 36.890461 -89.538389 226.77594
32 Miner 36.890461 -89.538389 33 St_Louis 38.625128 -90.191285 229.99262
33 St_Louis 38.625128 -90.191285 34 Springfield 39.780704 -89.650234 154.40064
34 Springfield 39.780704 -89.650234 35 Normal 40.5142026 -88.9906312 119.01716
35 Normal 40.5142026 -88.9906312 36 Joliet 41.525031 -88.0817251 154.40064
36 Joliet 41.525031 -88.0817251 37 Chicago 41.8781136 -87.6297982 72.3753
38 Mobile 30.6953657 -88.0398912 39 Montgomery 32.3668052 -86.2999689 270.20112
39 Montgomery 32.3668052 -86.2999689 40 Birmingham 33.5206608 -86.80249 149.57562
40 Birmingham 33.5206608 -86.80249 41 Nashville 36.156511 -86.774388 310.40962
41 Nashville 36.156511 -86.774388 42 Louisville 38.259681 -85.767455 283.06784
42 Louisville 38.259681 -85.767455 43 Indianapolis 39.768403 -86.158068 183.35076
43 Indianapolis 39.768403 -86.158068 44 Gary 41.5933696 -87.3464271 246.07602
45 Miami 25.7616798 -80.1917902 46 Tampa 27.950575 -82.4571776 418.1684
46 Tampa 27.950575 -82.4571776 47 Lake_City 30.18964 -82.639986 276.63448
47 Lake_City 30.18964 -82.639986 48 Macon 32.8406946 -83.6324022 339.35974
48 Macon 32.8406946 -83.6324022 49 Atlanta 33.7489954 -84.3879824 135.10056
49 Atlanta 33.7489954 -84.3879824 50 Chattanooga 35.0456297 -85.3096801 189.78412
50 Chattanooga 35.0456297 -85.3096801 51 Knoxville 35.9606384 -83.9207392 180.13408
51 Knoxville 35.9606384 -83.9207392 52 Lexington 37.985859 -84.358612 276.63448
52 Lexington 37.985859 -84.358612 53 Cincinnati 39.1031182 -84.5120196 133.49222
53 Cincinnati 39.1031182 -84.5120196 54 Dayton 39.7589478 -84.1916069 86.85036
54 Dayton 39.7589478 -84.1916069 55 Toledo 41.6639383 -83.555212 241.251
55 Toledo 41.6639383 -83.555212 56 Detroit 42.331427 -83.0457538 94.89206
56 Detroit 42.331427 -83.0457538 57 Flint 43.0125274 -83.6874562 109.36712
45 Miami 25.7616798 -80.1917902 58 Daytona_Beach 29.2108147 -81.0228331 419.77674
58 Daytona_Beach 29.2108147 -81.0228331 59 Jacksonville 30.331654 -81.657323 143.14226
59 Jacksonville 30.331654 -81.657323 60 Savannah 32.0835407 -81.0998342 223.55926
60 Savannah 32.0835407 -81.0998342 61 Bowman 33.350502 -80.679384 164.05068
61 Bowman 33.350502 -80.679384 62 Florence 34.1954331 -79.7625625 143.14226
62 Florence 34.1954331 -79.7625625 63 Benson 35.382107 -78.548621 184.9591
63 Benson 35.382107 -78.548621 64 Petersburg 37.227928 -77.401927 249.2927
64 Petersburg 37.227928 -77.401927 65 Richmond 37.5407246 -77.4360481 38.60016
65 Richmond 37.5407246 -77.4360481 66 Washington 38.9071923 -77.0368707 176.9174
66 Washington 38.9071923 -77.0368707 67 Baltimore 39.2903848 -76.6121893 62.72526
67 Baltimore 39.2903848 -76.6121893 68 Philadelphia 39.9525839 -75.1652215 170.48404
68 Philadelphia 39.9525839 -75.1652215 69 Newark 40.735657 -74.1723667 141.53392
69 Newark 40.735657 -74.1723667 70 Teaneck 40.882903 -74.014377 28.95012
70 Teaneck 40.882903 -74.014377 71 New_York 40.7127837 -74.0059413 28.95012
71 New_York 40.7127837 -74.0059413 72 New_Haven 41.308274 -72.9278835 130.27554
72 New_Haven 41.308274 -72.9278835 73 Canton 42.176467 -71.128360 215.51756
73 Canton 42.176467 -71.128360 74 Weston 42.366428 -71.302953 35.38348
74 Weston 42.366428 -71.302953 75 Reading 42.502408 -71.119229 61.11692
75 Reading 42.502408 -71.119229 76 Bangor 44.801146 -68.774329 365.09318
0 San_Diego 32.715738 -117.1610838 77 Casa_Grande 32.8795022 -111.7573521 556.48564
1 Los_Angeles 34.0522342 -118.2436849 6 Ontario 34.0633443 -117.6508876 59.50858
6 Ontario 34.0633443 -117.6508876 78 Phoenix 33.4483771 -112.0740373 540.40224
78 Phoenix 33.4483771 -112.0740373 77 Casa_Grande 32.8795022 -111.7573521 77.20032
77 Casa_Grande 32.8795022 -111.7573521 12 Las_Cruces 32.3199396 -106.7636538 556.48564
12 Las_Cruces 32.3199396 -106.7636538 79 Ft_Davis 30.595042 -103.899226 673.89446
79 Ft_Davis 30.595042 -103.899226 18 San_Antonio 29.4241219 -98.4936282 619.2109
18 San_Antonio 29.4241219 -98.4936282 27 Houston 29.7604267 -95.3698028 316.84298
27 Houston 29.7604267 -95.3698028 80 Lafayette 30.222953 -92.015569 349.00978
80 Lafayette 30.222953 -92.015569 81 Baton_Rouge 30.4582829 -91.1403196 94.89206
81 Baton_Rouge 30.4582829 -91.1403196 28 LaPlace 30.06638 -90.480736 90.06704
28 LaPlace 30.06638 -90.480736 82 Slidell 30.283369 -89.775341 93.28372
82 Slidell 30.283369 -89.775341 38 Mobile 30.6953657 -88.0398912 184.9591
38 Mobile 30.6953657 -88.0398912 47 Lake_City 30.18964 -82.639986 554.8773
47 Lake_City 30.18964 -82.639986 59 Jacksonville 30.331654 -81.657323 98.10874
46 Tampa 27.950575 -82.4571776 58 Daytona_Beach 29.2108147 -81.0228331 221.95092
81 Baton_Rouge 30.4582829 -91.1403196 29 Hammond 30.504311 -90.461993 72.3753
29 Hammond 30.504311 -90.461993 82 Slidell 30.283369 -89.775341 77.20032
48 Macon 32.8406946 -83.6324022 60 Savannah 32.0835407 -81.0998342 266.98444
78 Phoenix 33.4483771 -112.0740373 83 Flagstaff 35.1982836 -111.651302 233.2093
79 Ft_Davis 30.595042 -103.899226 19 Dallas 32.7766642 -96.7969879 754.31146
19 Dallas 32.7766642 -96.7969879 84 Shreveport 32.5251516 -93.7501789 302.36792
84 Shreveport 32.5251516 -93.7501789 30 Jackson 32.298992 -90.184770 349.00978
30 Jackson 32.298992 -90.184770 85 Meridian 32.3643098 -88.703656 149.57562
85 Meridian 32.3643098 -88.703656 40 Birmingham 33.5206608 -86.80249 236.42598
40 Birmingham 33.5206608 -86.80249 49 Atlanta 33.7489954 -84.3879824 234.81764
49 Atlanta 33.7489954 -84.3879824 86 Columbia 33.999867 -81.031644 345.7931
86 Columbia 33.999867 -81.031644 62 Florence 34.1954331 -79.7625625 133.49222
19 Dallas 32.7766642 -96.7969879 87 Little_Rock 34.7464809 -92.2895948 513.06046
7 Barstow 34.894336 -117.018345 83 Flagstaff 35.1982836 -111.651302 566.13568
83 Flagstaff 35.1982836 -111.651302 13 Albuquerque 35.0853336 -106.6055534 522.7105
13 Albuquerque 35.0853336 -106.6055534 20 Oklahoma_City 35.4675602 -97.5164276 870.11194
20 Oklahoma_City 35.4675602 -97.5164276 87 Little_Rock 34.7464809 -92.2895948 546.8356
87 Little_Rock 34.7464809 -92.2895948 31 Memphis 35.1495343 -90.0489801 220.34258
31 Memphis 35.1495343 -90.0489801 41 Nashville 36.156511 -86.774388 340.96808
41 Nashville 36.156511 -86.774388 51 Knoxville 35.9606384 -83.9207392 289.5012
51 Knoxville 35.9606384 -83.9207392 88 Dandridge 36.028793 -83.426445 51.46688
88 Dandridge 36.028793 -83.426445 89 Asheville 35.5950581 -82.5514869 133.49222
89 Asheville 35.5950581 -82.5514869 90 Statesville 35.79247 -80.894624 165.65902
90 Statesville 35.79247 -80.894624 91 Winston-Salem 36.0998596 -80.244216 73.98364
91 Winston-Salem 36.0998596 -80.244216 92 Greensboro 36.0726354 -79.7919754 46.64186
92 Greensboro 36.0726354 -79.7919754 63 Benson 35.382107 -78.548621 175.30906
39 Montgomery 32.3668052 -86.2999689 49 Atlanta 33.7489954 -84.3879824 257.3344
49 Atlanta 33.7489954 -84.3879824 93 Spartanburg 34.9495672 -81.9320482 281.4595
93 Spartanburg 34.9495672 -81.9320482 94 Charlotte 35.2270869 -80.8431267 119.01716
94 Charlotte 35.2270869 -80.8431267 92 Greensboro 36.0726354 -79.7919754 147.96728
92 Greensboro 36.0726354 -79.7919754 64 Petersburg 37.227928 -77.401927 287.89286
82 Slidell 30.283369 -89.775341 85 Meridian 32.3643098 -88.703656 271.80946
40 Birmingham 33.5206608 -86.80249 95 Wildwood 34.971602 -85.449684 225.1676
95 Wildwood 34.971602 -85.449684 50 Chattanooga 35.0456297 -85.3096801 19.30008
96 Goreville 37.551022 -88.977637 41 Nashville 36.156511 -86.774388 292.71788
41 Nashville 36.156511 -86.774388 95 Wildwood 34.971602 -85.449684 202.65084
20 Oklahoma_City 35.4675602 -97.5164276 97 Joplin 37.0842271 -94.513281 350.61812
97 Joplin 37.0842271 -94.513281 33 St_Louis 38.625128 -90.191285 456.76856
33 St_Louis 38.625128 -90.191285 98 Mt_Vernon 38.30802 -88.923732 127.05886
98 Mt_Vernon 38.30802 -88.923732 42 Louisville 38.259681 -85.767455 292.71788
42 Louisville 38.259681 -85.767455 52 Lexington 37.985859 -84.358612 127.05886
52 Lexington 37.985859 -84.358612 99 Charleston 38.3498195 -81.6326234 283.06784
99 Charleston 38.3498195 -81.6326234 100 Staunton 38.158938 -79.026432 344.18476
100 Staunton 38.158938 -79.026432 65 Richmond 37.5407246 -77.4360481 175.30906
88 Dandridge 36.028793 -83.426445 101 Kingsport 36.548434 -82.5618186 117.40882
101 Kingsport 36.548434 -82.5618186 102 Wytheville 36.953341 -81.061177 146.35894
102 Wytheville 36.953341 -81.061177 100 Staunton 38.158938 -79.026432 244.46768
100 Staunton 38.158938 -79.026432 103 Middletown 39.029132 -78.278298 151.18396
103 Middletown 39.029132 -78.278298 66 Washington 38.9071923 -77.0368707 123.84218
103 Middletown 39.029132 -78.278298 104 Carlisle 40.212958 -77.190103 197.82582
104 Carlisle 40.212958 -77.190103 105 Harrisburg 40.2731911 -76.8867008 40.2085
105 Harrisburg 40.2731911 -76.8867008 106 Jonestown 40.411014 -76.479285 38.60016
106 Jonestown 40.411014 -76.479285 107 Hazleton 40.959768 -75.962778 101.32542
107 Hazleton 40.959768 -75.962778 108 Dunmore 41.411229 -75.579245 77.20032
108 Dunmore 41.411229 -75.579245 109 Binghamton 42.0986867 -75.9179738 98.10874
109 Binghamton 42.0986867 -75.9179738 110 Syracuse 43.0481221 -76.1474244 117.40882
61 Bowman 33.350502 -80.679384 86 Columbia 33.999867 -81.031644 88.4587
86 Columbia 33.999867 -81.031644 93 Spartanburg 34.9495672 -81.9320482 149.57562
93 Spartanburg 34.9495672 -81.9320482 89 Asheville 35.5950581 -82.5514869 110.97546
89 Asheville 35.5950581 -82.5514869 101 Kingsport 36.548434 -82.5618186 133.49222
97 Joplin 37.0842271 -94.513281 21 Kansas_City 39.114053 -94.6274636 252.50938
21 Kansas_City 39.114053 -94.6274636 111 Omaha 41.2523634 -95.9979883 302.36792
111 Omaha 41.2523634 -95.9979883 112 Sioux_Falls 43.5445959 -96.7311034 297.5429
112 Sioux_Falls 43.5445959 -96.7311034 113 Fargo 46.8771863 -96.7898034 392.43496
8 Cove_Fort 38.600529 -112.582057 114 Arvada 39.8027644 -105.0874842 807.38668
114 Arvada 39.8027644 -105.0874842 14 Denver 39.7392358 -104.990251 17.69174
14 Denver 39.7392358 -104.990251 21 Kansas_City 39.114053 -94.6274636 971.43736
21 Kansas_City 39.114053 -94.6274636 33 St_Louis 38.625128 -90.191285 398.86832
33 St_Louis 38.625128 -90.191285 115 Effingham 39.116619 -88.536561 162.44234
115 Effingham 39.116619 -88.536561 43 Indianapolis 39.768403 -86.158068 228.38428
43 Indianapolis 39.768403 -86.158068 54 Dayton 39.7589478 -84.1916069 186.56744
54 Dayton 39.7589478 -84.1916069 116 Columbus 39.961292 -82.998390 114.19214
116 Columbus 39.961292 -82.998390 117 Cambridge 40.024711 -81.587450 128.6672
117 Cambridge 40.024711 -81.587450 118 Pittsburgh 40.4406248 -79.9958864 173.70072
118 Pittsburgh 40.4406248 -79.9958864 119 Bedford 40.017958 -78.503379 176.9174
119 Bedford 40.017958 -78.503379 120 Hancock 39.705869 -78.168513 70.76696
120 Hancock 39.705869 -78.168513 67 Baltimore 39.2903848 -76.6121893 162.44234
32 Miner 36.890461 -89.538389 96 Goreville 37.551022 -88.977637 94.89206
96 Goreville 37.551022 -88.977637 98 Mt_Vernon 38.30802 -88.923732 65.94194
98 Mt_Vernon 38.30802 -88.923732 115 Effingham 39.116619 -88.536561 112.5838
115 Effingham 39.116619 -88.536561 121 Champaign 40.1164204 -88.2433829 128.6672
121 Champaign 40.1164204 -88.2433829 122 Country_Club_Hills 41.562222 -87.720833 181.74242
122 Country_Club_Hills 41.562222 -87.720833 37 Chicago 41.8781136 -87.6297982 40.2085
34 Springfield 39.780704 -89.650234 121 Champaign 40.1164204 -88.2433829 138.31724
123 Davenport 41.5236437 -90.5776367 35 Normal 40.5142026 -88.9906312 217.1259
35 Normal 40.5142026 -88.9906312 121 Champaign 40.1164204 -88.2433829 85.24202
121 Champaign 40.1164204 -88.2433829 43 Indianapolis 39.768403 -86.158068 194.60914
43 Indianapolis 39.768403 -86.158068 53 Cincinnati 39.1031182 -84.5120196 180.13408
42 Louisville 38.259681 -85.767455 53 Cincinnati 39.1031182 -84.5120196 159.22566
53 Cincinnati 39.1031182 -84.5120196 116 Columbus 39.961292 -82.998390 172.09238
116 Columbus 39.961292 -82.998390 124 Seville 41.018992 -81.867441 168.8757
124 Seville 41.018992 -81.867441 125 Strongsville 41.3144966 -81.83569 40.2085
125 Strongsville 41.3144966 -81.83569 126 Cleveland 41.497429 -81.698314 32.1668
99 Charleston 38.3498195 -81.6326234 117 Cambridge 40.024711 -81.587450 218.73424
117 Cambridge 40.024711 -81.587450 127 Akron 41.0814447 -81.5190053 131.88388
127 Akron 41.0814447 -81.5190053 128 Richfield 41.231502 -81.64096 35.38348
128 Richfield 41.231502 -81.64096 126 Cleveland 41.497429 -81.698314 33.77514
99 Charleston 38.3498195 -81.6326234 129 Morgantown 39.629577 -79.955997 252.50938
129 Morgantown 39.629577 -79.955997 118 Pittsburgh 40.4406248 -79.9958864 122.23384
118 Pittsburgh 40.4406248 -79.9958864 130 Mercer 41.227127 -80.23966 104.5421
130 Mercer 41.227127 -80.23966 131 Erie 42.1292241 -80.085059 112.5838
129 Morgantown 39.629577 -79.955997 120 Hancock 39.705869 -78.168513 193.0008
124 Seville 41.018992 -81.867441 127 Akron 41.0814447 -81.5190053 36.99182
127 Akron 41.0814447 -81.5190053 132 North_Jackson 41.119308 -80.887592 73.98364
132 North_Jackson 41.119308 -80.887592 118 Pittsburgh 40.4406248 -79.9958864 122.23384
118 Pittsburgh 40.4406248 -79.9958864 119 Bedford 40.017958 -78.503379 196.21748
119 Bedford 40.017958 -78.503379 104 Carlisle 40.212958 -77.190103 143.14226
104 Carlisle 40.212958 -77.190103 68 Philadelphia 39.9525839 -75.1652215 210.69254
67 Baltimore 39.2903848 -76.6121893 105 Harrisburg 40.2731911 -76.8867008 127.05886
106 Jonestown 40.411014 -76.479285 69 Newark 40.735657 -74.1723667 215.51756
69 Newark 40.735657 -74.1723667 71 New_York 40.7127837 -74.0059413 16.0834
114 Arvada 39.8027644 -105.0874842 133 Welby 39.836842 -104.959459 16.0834
133 Welby 39.836842 -104.959459 134 Big_Springs 41.062389 -102.073235 299.15124
2 Sacramento 38.5815719 -121.4943996 9 Salt_Lake_City 40.7607793 -111.8910474 1043.81266
9 Salt_Lake_City 40.7607793 -111.8910474 135 Echo 40.977835 -111.441462 80.417
135 Echo 40.977835 -111.441462 15 Cheyenne 41.1399814 -104.8202462 630.46928
15 Cheyenne 41.1399814 -104.8202462 134 Big_Springs 41.062389 -102.073235 242.85934
134 Big_Springs 41.062389 -102.073235 111 Omaha 41.2523634 -95.9979883 556.48564
111 Omaha 41.2523634 -95.9979883 22 Des_Moines 41.6005448 -93.6091064 223.55926
22 Des_Moines 41.6005448 -93.6091064 123 Davenport 41.5236437 -90.5776367 270.20112
123 Davenport 41.5236437 -90.5776367 136 Silvis 41.511931 -90.415547 19.30008
136 Silvis 41.511931 -90.415547 137 LaSalle 41.362502 -89.040043 112.5838
137 LaSalle 41.362502 -89.040043 36 Joliet 41.525031 -88.0817251 77.20032
36 Joliet 41.525031 -88.0817251 122 Country_Club_Hills 41.562222 -87.720833 41.81684
122 Country_Club_Hills 41.562222 -87.720833 44 Gary 41.5933696 -87.3464271 46.64186
44 Gary 41.5933696 -87.3464271 138 Angola 41.634571 -84.998812 220.34258
138 Angola 41.634571 -84.998812 55 Toledo 41.6639383 -83.555212 135.10056
55 Toledo 41.6639383 -83.555212 125 Strongsville 41.3144966 -81.83569 175.30906
125 Strongsville 41.3144966 -81.83569 128 Richfield 41.231502 -81.64096 27.34178
128 Richfield 41.231502 -81.64096 132 North_Jackson 41.119308 -80.887592 73.98364
132 North_Jackson 41.119308 -80.887592 130 Mercer 41.227127 -80.23966 94.89206
130 Mercer 41.227127 -80.23966 139 Bellefonte 40.914722 -77.774722 225.1676
139 Bellefonte 40.914722 -77.774722 107 Hazleton 40.959768 -75.962778 159.22566
107 Hazleton 40.959768 -75.962778 70 Teaneck 40.882903 -74.014377 191.39246
35 Normal 40.5142026 -88.9906312 137 LaSalle 41.362502 -89.040043 101.32542
137 LaSalle 41.362502 -89.040043 140 Rochelle 41.923333 -89.065556 77.20032
140 Rochelle 41.923333 -89.065556 141 Beloit 42.5083482 -89.0317765 73.98364
141 Beloit 42.5083482 -89.0317765 142 Milwaukee 43.0389025 -87.9064736 122.23384
142 Milwaukee 43.0389025 -87.9064736 143 Green_Bay 44.519159 -88.019826 199.43416
37 Chicago 41.8781136 -87.6297982 142 Milwaukee 43.0389025 -87.9064736 194.60914
44 Gary 41.5933696 -87.3464271 144 Marshall 42.270556 -84.96 239.64266
144 Marshall 42.270556 -84.96 56 Detroit 42.331427 -83.0457538 170.48404
43 Indianapolis 39.768403 -86.158068 138 Angola 41.634571 -84.998812 268.59278
138 Angola 41.634571 -84.998812 144 Marshall 42.270556 -84.96 75.59198
144 Marshall 42.270556 -84.96 145 Lansing 42.732535 -84.5555347 73.98364
145 Lansing 42.732535 -84.5555347 56 Detroit 42.331427 -83.0457538 146.35894
145 Lansing 42.732535 -84.5555347 57 Flint 43.0125274 -83.6874562 90.06704
4 Portland 45.5230622 -122.6764816 146 Hermiston 45.841111 -119.291667 295.93456
146 Hermiston 45.841111 -119.291667 147 Declo 42.519444 -113.63 667.4611
147 Declo 42.519444 -113.63 148 Pocatello 42.8713032 -112.4455344 115.80048
147 Declo 42.519444 -113.63 10 Tremonton 41.712081 -112.170413 164.05068
10 Tremonton 41.712081 -112.170413 149 Ogden 41.223 -111.9738304 62.72526
149 Ogden 41.223 -111.9738304 135 Echo 40.977835 -111.441462 67.55028
150 Ellensburg 46.996944 -120.545 146 Hermiston 45.841111 -119.291667 215.51756
5 Seattle 47.6062095 -122.3320708 150 Ellensburg 46.996944 -120.545 172.09238
150 Ellensburg 46.996944 -120.545 11 Butte 46.001363 -112.530698 781.65324
11 Butte 46.001363 -112.530698 151 Billings 45.7832856 -108.5006904 366.70152
151 Billings 45.7832856 -108.5006904 16 Buffalo 44.348394 -106.699641 263.76776
16 Buffalo 44.348394 -106.699641 112 Sioux_Falls 43.5445959 -96.7311034 892.6287
112 Sioux_Falls 43.5445959 -96.7311034 23 Albert_Lea 43.648186 -93.36994 284.67618
23 Albert_Lea 43.648186 -93.36994 152 Tomah 43.985 -90.503889 262.15942
152 Tomah 43.985 -90.503889 153 Madison 43.071868 -89.400935 160.834
153 Madison 43.071868 -89.400935 141 Beloit 42.5083482 -89.0317765 86.85036
141 Beloit 42.5083482 -89.0317765 37 Chicago 41.8781136 -87.6297982 154.40064
37 Chicago 41.8781136 -87.6297982 44 Gary 41.5933696 -87.3464271 48.2502
55 Toledo 41.6639383 -83.555212 126 Cleveland 41.497429 -81.698314 183.35076
126 Cleveland 41.497429 -81.698314 131 Erie 42.1292241 -80.085059 164.05068
131 Erie 42.1292241 -80.085059 110 Syracuse 43.0481221 -76.1474244 382.78492
110 Syracuse 43.0481221 -76.1474244 154 Schenectady 42.8142432 -73.9395687 205.86752
154 Schenectady 42.8142432 -73.9395687 155 Albany 42.652591 -73.756470 32.1668
155 Albany 42.652591 -73.756470 156 Springfield_MA 42.101389 -72.590278 138.31724
156 Springfield_MA 42.101389 -72.590278 157 Sturbridge 42.10833 -72.079167 53.07522
157 Sturbridge 42.10833 -72.079167 74 Weston 42.366428 -71.302953 72.3753
74 Weston 42.366428 -71.302953 158 Boston 42.3600825 -71.0588801 17.69174
108 Dunmore 41.411229 -75.579245 159 Newburgh 41.519722 -74.021389 144.7506
159 Newburgh 41.519722 -74.021389 160 Hartford 41.7637111 -72.6850932 157.61732
160 Hartford 41.7637111 -72.6850932 157 Sturbridge 42.10833 -72.079167 69.15862
72 New_Haven 41.308274 -72.9278835 160 Hartford 41.7637111 -72.6850932 62.72526
160 Hartford 41.7637111 -72.6850932 156 Springfield_MA 42.101389 -72.590278 43.42518
142 Milwaukee 43.0389025 -87.9064736 153 Madison 43.071868 -89.400935 127.05886
152 Tomah 43.985 -90.503889 24 Minneapolis 44.977753 -93.2650108 276.63448
24 Minneapolis 44.977753 -93.2650108 113 Fargo 46.8771863 -96.7898034 377.9599
113 Fargo 46.8771863 -96.7898034 151 Billings 45.7832856 -108.5006904 979.47906
