1 Los_Angeles 34.0522342 -118.2436849 6 Ontario 34.0633443 -117.6508876 59
6 Ontario 34.0633443 -117.6508876 7 Barstow 34.894336 -117.018345 127
7 Barstow 34.894336 -117.018345 8 Cove_Fort 38.600529 -112.582057 644
8 Cove_Fort 38.600529 -112.582057 9 Salt_Lake_City 40.7607793 -111.8910474 283
8 Cove_Fort 38.600529 -112.582057 114 Arvada 39.8027644 -105.0874842 807
114 Arvada 39.8027644 -105.0874842 14 Denver 39.7392358 -104.990251 17
6 Ontario 34.0633443 -117.6508876 78 Phoenix 33.4483771 -112.0740373 540
78 Phoenix 33.4483771 -112.0740373 77 Casa_Grande 32.8795022 -111.7573521 77
77 Casa_Grande 32.8795022 -111.7573521 12 Las_Cruces 32.3199396 -106.7636538 556
12 Las_Cruces 32.3199396 -106.7636538 79 Ft_Davis 30.595042 -103.899226 673
79 Ft_Davis 30.595042 -103.899226 18 San_Antonio 29.4241219 -98.4936282 619
7 Barstow 34.894336 -117.018345 83 Flagstaff 35.1982836 -111.651302 566
83 Flagstaff 35.1982836 -111.651302 13 Albuquerque 35.0853336 -106.6055534 522
13 Albuquerque 35.0853336 -106.6055534 20 Oklahoma_City 35.4675602 -97.5164276 870
20 Oklahoma_City 35.4675602 -97.5164276 19 Dallas 32.7766642 -96.7969879 332
14 Denver 39.7392358 -104.990251 21 Kansas_City 39.114053 -94.6274636 971
114 Arvada 39.8027644 -105.0874842 133 Welby 39.836842 -104.959459 16
133 Welby 39.836842 -104.959459 134 Big_Springs 41.062389 -102.073235 299
134 Big_Springs 41.062389 -102.073235 111 Omaha 41.2523634 -95.9979883 556
111 Omaha 41.2523634 -95.9979883 22 Des_Moines 41.6005448 -93.6091064 223
22 Des_Moines 41.6005448 -93.6091064 23 Albert_Lea 43.648186 -93.36994 239
23 Albert_Lea 43.648186 -93.36994 24 Minneapolis 44.977753 -93.2650108 156
18 San_Antonio 29.4241219 -98.4936282 27 Houston 29.7604267 -95.3698028 316
20 Oklahoma_City 35.4675602 -97.5164276 97 Joplin 37.0842271 -94.513281 350
97 Joplin 37.0842271 -94.513281 33 St_Louis 38.625128 -90.191285 456
22 Des_Moines 41.6005448 -93.6091064 123 Davenport 41.5236437 -90.5776367 270
123 Davenport 41.5236437 -90.5776367 136 Silvis 41.511931 -90.415547 19
136 Silvis 41.511931 -90.415547 137 LaSalle 41.362502 -89.040043 112
137 LaSalle 41.362502 -89.040043 36 Joliet 41.525031 -88.0817251 77
36 Joliet 41.525031 -88.0817251 37 Chicago 41.8781136 -87.6297982 72
20 Oklahoma_City 35.4675602 -97.5164276 87 Little_Rock 34.7464809 -92.2895948 546
87 Little_Rock 34.7464809 -92.2895948 31 Memphis 35.1495343 -90.0489801 220
31 Memphis 35.1495343 -90.0489801 41 Nashville 36.156511 -86.774388 340
33 St_Louis 38.625128 -90.191285 115 Effingham 39.116619 -88.536561 162
115 Effingham 39.116619 -88.536561 43 Indianapolis 39.768403 -86.158068 228
41 Nashville 36.156511 -86.774388 95 Wildwood 34.971602 -85.449684 202
95 Wildwood 34.971602 -85.449684 50 Chattanooga 35.0456297 -85.3096801 19
50 Chattanooga 35.0456297 -85.3096801 49 Atlanta 33.7489954 -84.3879824 189
49 Atlanta 33.7489954 -84.3879824 48 Macon 32.8406946 -83.6324022 135
48 Macon 32.8406946 -83.6324022 47 Lake_City 30.18964 -82.639986 339
47 Lake_City 30.18964 -82.639986 59 Jacksonville 30.331654 -81.657323 98
59 Jacksonville 30.331654 -81.657323 58 Daytona_Beach 29.2108147 -81.0228331 143
58 Daytona_Beach 29.2108147 -81.0228331 45 Miami 25.7616798 -80.1917902 419
33 St_Louis 38.625128 -90.191285 98 Mt_Vernon 38.30802 -88.923732 127
98 Mt_Vernon 38.30802 -88.923732 42 Louisville 38.259681 -85.767455 292
42 Louisville 38.259681 -85.767455 52 Lexington 37.985859 -84.358612 127
36 Joliet 41.525031 -88.0817251 122 Country_Club_Hills 41.562222 -87.720833 41
122 Country_Club_Hills 41.562222 -87.720833 44 Gary 41.5933696 -87.3464271 46
44 Gary 41.5933696 -87.3464271 144 Marshall 42.270556 -84.96 239
144 Marshall 42.270556 -84.96 56 Detroit 42.331427 -83.0457538 170
43 Indianapolis 39.768403 -86.158068 54 Dayton 39.7589478 -84.1916069 186
54 Dayton 39.7589478 -84.1916069 116 Columbus 39.961292 -82.998390 114
116 Columbus 39.961292 -82.998390 117 Cambridge 40.024711 -81.587450 128
117 Cambridge 40.024711 -81.587450 118 Pittsburgh 40.4406248 -79.9958864 173
118 Pittsburgh 40.4406248 -79.9958864 119 Bedford 40.017958 -78.503379 176
119 Bedford 40.017958 -78.503379 104 Carlisle 40.212958 -77.190103 143
104 Carlisle 40.212958 -77.190103 105 Harrisburg 40.2731911 -76.8867008 40
105 Harrisburg 40.2731911 -76.8867008 106 Jonestown 40.411014 -76.479285 38
106 Jonestown 40.411014 -76.479285 69 Newark 40.735657 -74.1723667 215
69 Newark 40.735657 -74.1723667 71 New_York 40.7127837 -74.0059413 16
41 Nashville 36.156511 -86.774388 51 Knoxville 35.9606384 -83.9207392 289
51 Knoxville 35.9606384 -83.9207392 88 Dandridge 36.028793 -83.426445 51
88 Dandridge 36.028793 -83.426445 89 Asheville 35.5950581 -82.5514869 133
89 Asheville 35.5950581 -82.5514869 93 Spartanburg 34.9495672 -81.9320482 110
93 Spartanburg 34.9495672 -81.9320482 86 Columbia 33.999867 -81.031644 149
3 San_Francisco 37.7749295 -122.4194155 2 Sacramento 38.5815719 -121.4943996 138
2 Sacramento 38.5815719 -121.4943996 1 Los_Angeles 34.0522342 -118.2436849 617
2 Sacramento 38.5815719 -121.4943996 9 Salt_Lake_City 40.7607793 -111.8910474 1043
9 Salt_Lake_City 40.7607793 -111.8910474 135 Echo 40.977835 -111.441462 80
135 Echo 40.977835 -111.441462 15 Cheyenne 41.1399814 -104.8202462 630
15 Cheyenne 41.1399814 -104.8202462 14 Denver 39.7392358 -104.990251 162
15 Cheyenne 41.1399814 -104.8202462 134 Big_Springs 41.062389 -102.073235 242
111 Omaha 41.2523634 -95.9979883 21 Kansas_City 39.114053 -94.6274636 302
21 Kansas_City 39.114053 -94.6274636 33 St_Louis 38.625128 -90.191285 398
98 Mt_Vernon 38.30802 -88.923732 96 Goreville 37.551022 -88.977637 65
96 Goreville 37.551022 -88.977637 41 Nashville 36.156511 -86.774388 292
123 Davenport 41.5236437 -90.5776367 35 Normal 40.5142026 -88.9906312 217
35 Normal 40.5142026 -88.9906312 121 Champaign 40.1164204 -88.2433829 85
121 Champaign 40.1164204 -88.2433829 43 Indianapolis 39.768403 -86.158068 194
44 Gary 41.5933696 -87.3464271 138 Angola 41.634571 -84.998812 220
138 Angola 41.634571 -84.998812 55 Toledo 41.6639383 -83.555212 135
55 Toledo 41.6639383 -83.555212 125 Strongsville 41.3144966 -81.83569 175
125 Strongsville 41.3144966 -81.83569 128 Richfield 41.231502 -81.64096 27
128 Richfield 41.231502 -81.64096 132 North_Jackson 41.119308 -80.887592 73
132 North_Jackson 41.119308 -80.887592 130 Mercer 41.227127 -80.23966 94
130 Mercer 41.227127 -80.23966 139 Bellefonte 40.914722 -77.774722 225
139 Bellefonte 40.914722 -77.774722 107 Hazleton 40.959768 -75.962778 159
107 Hazleton 40.959768 -75.962778 70 Teaneck 40.882903 -74.014377 191
70 Teaneck 40.882903 -74.014377 71 New_York 40.7127837 -74.0059413 28
4 Portland 45.5230622 -122.6764816 2 Sacramento 38.5815719 -121.4943996 932
4 Portland 45.5230622 -122.6764816 146 Hermiston 45.841111 -119.291667 295
146 Hermiston 45.841111 -119.291667 147 Declo 42.519444 -113.63 667
147 Declo 42.519444 -113.63 10 Tremonton 41.712081 -112.170413 164
10 Tremonton 41.712081 -112.170413 9 Salt_Lake_City 40.7607793 -111.8910474 117
10 Tremonton 41.712081 -112.170413 149 Ogden 41.223 -111.9738304 62
149 Ogden 41.223 -111.9738304 135 Echo 40.977835 -111.441462 67
21 Kansas_City 39.114053 -94.6274636 20 Oklahoma_City 35.4675602 -97.5164276 569
4 Portland 45.5230622 -122.6764816 5 Seattle 47.6062095 -122.3320708 278
5 Seattle 47.6062095 -122.3320708 150 Ellensburg 46.996944 -120.545 172
150 Ellensburg 46.996944 -120.545 11 Butte 46.001363 -112.530698 781
11 Butte 46.001363 -112.530698 151 Billings 45.7832856 -108.5006904 366
151 Billings 45.7832856 -108.5006904 113 Fargo 46.8771863 -96.7898034 979
113 Fargo 46.8771863 -96.7898034 24 Minneapolis 44.977753 -93.2650108 377
19 Dallas 32.7766642 -96.7969879 27 Houston 29.7604267 -95.3698028 384
150 Ellensburg 46.996944 -120.545 146 Hermiston 45.841111 -119.291667 215
151 Billings 45.7832856 -108.5006904 16 Buffalo 44.348394 -106.699641 263
16 Buffalo 44.348394 -106.699641 112 Sioux_Falls 43.5445959 -96.7311034 892
112 Sioux_Falls 43.5445959 -96.7311034 111 Omaha 41.2523634 -95.9979883 297
24 Minneapolis 44.977753 -93.2650108 152 Tomah 43.985 -90.503889 276
152 Tomah 43.985 -90.503889 153 Madison 43.071868 -89.400935 160
153 Madison 43.071868 -89.400935 141 Beloit 42.5083482 -89.0317765 86
141 Beloit 42.5083482 -89.0317765 37 Chicago 41.8781136 -87.6297982 154
37 Chicago 41.8781136 -87.6297982 44 Gary 41.5933696 -87.3464271 48
44 Gary 41.5933696 -87.3464271 43 Indianapolis 39.768403 -86.158068 246
43 Indianapolis 39.768403 -86.158068 42 Louisville 38.259681 -85.767455 183
52 Lexington 37.985859 -84.358612 51 Knoxville 35.9606384 -83.9207392 276
19 Dallas 32.7766642 -96.7969879 18 San_Antonio 29.4241219 -98.4936282 440
21 Kansas_City 39.114053 -94.6274636 22 Des_Moines 41.6005448 -93.6091064 312
19 Dallas 32.7766642 -96.7969879 87 Little_Rock 34.7464809 -92.2895948 513
31 Memphis 35.1495343 -90.0489801 32 Miner 36.890461 -89.538389 226
32 Miner 36.890461 -89.538389 96 Goreville 37.551022 -88.977637 94
98 Mt_Vernon 38.30802 -88.923732 115 Effingham 39.116619 -88.536561 112
115 Effingham 39.116619 -88.536561 121 Champaign 40.1164204 -88.2433829 128
121 Champaign 40.1164204 -88.2433829 122 Country_Club_Hills 41.562222 -87.720833 181
122 Country_Club_Hills 41.562222 -87.720833 37 Chicago 41.8781136 -87.6297982 40
27 Houston 29.7604267 -95.3698028 80 Lafayette 30.222953 -92.015569 349
80 Lafayette 30.222953 -92.015569 81 Baton_Rouge 30.4582829 -91.1403196 94
81 Baton_Rouge 30.4582829 -91.1403196 29 Hammond 30.504311 -90.461993 72
29 Hammond 30.504311 -90.461993 82 Slidell 30.283369 -89.775341 77
82 Slidell 30.283369 -89.775341 38 Mobile 30.6953657 -88.0398912 184
38 Mobile 30.6953657 -88.0398912 47 Lake_City 30.18964 -82.639986 554
38 Mobile 30.6953657 -88.0398912 39 Montgomery 32.3668052 -86.2999689 270
39 Montgomery 32.3668052 -86.2999689 49 Atlanta 33.7489954 -84.3879824 257
41 Nashville 36.156511 -86.774388 42 Louisville 38.259681 -85.767455 283
42 Louisville 38.259681 -85.767455 53 Cincinnati 39.1031182 -84.5120196 159
53 Cincinnati 39.1031182 -84.5120196 54 Dayton 39.7589478 -84.1916069 86
54 Dayton 39.7589478 -84.1916069 55 Toledo 41.6639383 -83.555212 241
55 Toledo 41.6639383 -83.555212 56 Detroit 42.331427 -83.0457538 94
88 Dandridge 36.028793 -83.426445 101 Kingsport 36.548434 -82.5618186 117
101 Kingsport 36.548434 -82.5618186 102 Wytheville 36.953341 -81.061177 146
102 Wytheville 36.953341 -81.061177 100 Staunton 38.158938 -79.026432 244
100 Staunton 38.158938 -79.026432 103 Middletown 39.029132 -78.278298 151
103 Middletown 39.029132 -78.278298 104 Carlisle 40.212958 -77.190103 197
49 Atlanta 33.7489954 -84.3879824 86 Columbia 33.999867 -81.031644 345
19 Dallas 32.7766642 -96.7969879 84 Shreveport 32.5251516 -93.7501789 302
84 Shreveport 32.5251516 -93.7501789 30 Jackson 32.298992 -90.184770 349
30 Jackson 32.298992 -90.184770 29 Hammond 30.504311 -90.461993 213
30 Jackson 32.298992 -90.184770 85 Meridian 32.3643098 -88.703656 149
85 Meridian 32.3643098 -88.703656 40 Birmingham 33.5206608 -86.80249 236
40 Birmingham 33.5206608 -86.80249 49 Atlanta 33.7489954 -84.3879824 234
43 Indianapolis 39.768403 -86.158068 138 Angola 41.634571 -84.998812 268
141 Beloit 42.5083482 -89.0317765 140 Rochelle 41.923333 -89.065556 73
140 Rochelle 41.923333 -89.065556 137 LaSalle 41.362502 -89.040043 77
137 LaSalle 41.362502 -89.040043 35 Normal 40.5142026 -88.9906312 101
35 Normal 40.5142026 -88.9906312 34 Springfield 39.780704 -89.650234 119
34 Springfield 39.780704 -89.650234 33 St_Louis 38.625128 -90.191285 154
30 Jackson 32.298992 -90.184770 31 Memphis 35.1495343 -90.0489801 337
32 Miner 36.890461 -89.538389 33 St_Louis 38.625128 -90.191285 229
82 Slidell 30.283369 -89.775341 85 Meridian 32.3643098 -88.703656 271
40 Birmingham 33.5206608 -86.80249 95 Wildwood 34.971602 -85.449684 225
50 Chattanooga 35.0456297 -85.3096801 51 Knoxville 35.9606384 -83.9207392 180
36 Joliet 41.525031 -88.0817251 35 Normal 40.5142026 -88.9906312 154
59 Jacksonville 30.331654 -81.657323 60 Savannah 32.0835407 -81.0998342 223
60 Savannah 32.0835407 -81.0998342 61 Bowman 33.350502 -80.679384 164
61 Bowman 33.350502 -80.679384 86 Columbia 33.999867 -81.031644 88
52 Lexington 37.985859 -84.358612 53 Cincinnati 39.1031182 -84.5120196 133
61 Bowman 33.350502 -80.679384 62 Florence 34.1954331 -79.7625625 143
62 Florence 34.1954331 -79.7625625 63 Benson 35.382107 -78.548621 184
63 Benson 35.382107 -78.548621 64 Petersburg 37.227928 -77.401927 249
64 Petersburg 37.227928 -77.401927 65 Richmond 37.5407246 -77.4360481 38
65 Richmond 37.5407246 -77.4360481 66 Washington 38.9071923 -77.0368707 176
66 Washington 38.9071923 -77.0368707 67 Baltimore 39.2903848 -76.6121893 62
67 Baltimore 39.2903848 -76.6121893 68 Philadelphia 39.9525839 -75.1652215 170
68 Philadelphia 39.9525839 -75.1652215 69 Newark 40.735657 -74.1723667 141
49 Atlanta 33.7489954 -84.3879824 93 Spartanburg 34.9495672 -81.9320482 281
93 Spartanburg 34.9495672 -81.9320482 94 Charlotte 35.2270869 -80.8431267 119
94 Charlotte 35.2270869 -80.8431267 92 Greensboro 36.0726354 -79.7919754 147
92 Greensboro 36.0726354 -79.7919754 64 Petersburg 37.227928 -77.401927 287
66 Washington 38.9071923 -77.0368707 103 Middletown 39.029132 -78.278298 123
67 Baltimore 39.2903848 -76.6121893 120 Hancock 39.705869 -78.168513 162
120 Hancock 39.705869 -78.168513 119 Bedford 40.017958 -78.503379 70
118 Pittsburgh 40.4406248 -79.9958864 132 North_Jackson 41.119308 -80.887592 122
100 Staunton 38.158938 -79.026432 99 Charleston 38.3498195 -81.6326234 344
99 Charleston 38.3498195 -81.6326234 52 Lexington 37.985859 -84.358612 283
83 Flagstaff 35.1982836 -111.651302 78 Phoenix 33.4483771 -112.0740373 233
62 Florence 34.1954331 -79.7625625 86 Columbia 33.999867 -81.031644 133
120 Hancock 39.705869 -78.168513 129 Morgantown 39.629577 -79.955997 193
129 Morgantown 39.629577 -79.955997 99 Charleston 38.3498195 -81.6326234 252
13 Albuquerque 35.0853336 -106.6055534 14 Denver 39.7392358 -104.990251 722
